10: (1, 2, 3, 4)

11: (1, 2, 3, 5)

12: (evens=2) (1, 2, 3, 6)
    (evens=2) (1, 2, 4, 5)

13: (evens=1) (1, 2, 3, 7)
    (evens=1) (1, 3, 4, 5)
    (evens=3) (1, 2, 4, 6)

14: (evens=2) (1, 2, 3, 8)			(evens=2) (1, 2, 5, 6)			(evens=2) (2, 3, 4, 5)
    (evens=2) (1, 2, 4, 7)			(evens=2) (1, 3, 4, 6)

15: (evens=1) (1, 2, 3, 9)			(evens=1) (1, 3, 4, 7)			(evens=3) (1, 2, 4, 8)
    (evens=1) (1, 2, 5, 7)			(evens=1) (1, 3, 5, 6)			(evens=3) (2, 3, 4, 6)

16: (evens=0) (1, 3, 5, 7)			(evens=2) (1, 2, 5, 8)			(evens=2) (1, 4, 5, 6)			(evens=2) (2, 3, 5, 6)
    (evens=2) (1, 2, 4, 9)			(evens=2) (1, 3, 4, 8)			(evens=2) (2, 3, 4, 7)

17: (evens=1) (1, 2, 5, 9)			(evens=1) (1, 3, 5, 8)			(evens=1) (1, 4, 5, 7)			(evens=3) (1, 2, 6, 8)		(evens=3) (2, 4, 5, 6)
    (evens=1) (1, 3, 4, 9)			(evens=1) (1, 3, 6, 7)			(evens=1) (2, 3, 5, 7)			(evens=3) (2, 3, 4, 8)

18: (evens=0) (1, 3, 5, 9)			(evens=2) (1, 3, 6, 8)			(evens=2) (2, 3, 4, 9)			(evens=2) (2, 4, 5, 7)
    (evens=2) (1, 2, 6, 9)			(evens=2) (1, 4, 5, 8)			(evens=2) (2, 3, 5, 8)			(evens=2) (3, 4, 5, 6)
    (evens=2) (1, 2, 7, 8)			(evens=2) (1, 4, 6, 7)       	(evens=2) (2, 3, 6, 7)

19: (evens=1) (1, 2, 7, 9)			(evens=1) (1, 4, 5, 9)			(evens=1) (3, 4, 5, 7)			(evens=3) (2, 4, 5, 8)
    (evens=1) (1, 3, 6, 9)			(evens=1) (1, 5, 6, 7)			(evens=3) (1, 4, 6, 8)			(evens=3) (2, 4, 6, 7)
    (evens=1) (1, 3, 7, 8)			(evens=1) (2, 3, 5, 9)			(evens=3) (2, 3, 6, 8)

20: (evens=0) (1, 3, 7, 9)			(evens=2) (1, 4, 7, 8)			(evens=2) (2, 3, 7, 8)			(evens=2) (3, 4, 5, 8)
    (evens=2) (1, 2, 8, 9)			(evens=2) (1, 5, 6, 8)			(evens=2) (2, 4, 5, 9)			(evens=2) (3, 4, 6, 7)
    (evens=2) (1, 4, 6, 9)			(evens=2) (2, 3, 6, 9)			(evens=2) (2, 5, 6, 7)			(evens=4) (2, 4, 6, 8)

21: (evens=1) (1, 3, 8, 9)			(evens=1) (1, 5, 7, 8)			(evens=1) (3, 5, 6, 7)			(evens=3) (2, 5, 6, 8)
    (evens=1) (1, 4, 7, 9)			(evens=1) (2, 3, 7, 9)			(evens=3) (2, 4, 6, 9)			(evens=3) (3, 4, 6, 8)
    (evens=1) (1, 5, 6, 9)			(evens=1) (3, 4, 5, 9)			(evens=3) (2, 4, 7, 8)

22: (evens=0) (1, 5, 7, 9)			(evens=2) (2, 3, 8, 9)			(evens=2) (2, 5, 7, 8)			(evens=2) (3, 5, 6, 8)
    (evens=2) (1, 4, 8, 9)			(evens=2) (2, 4, 7, 9)			(evens=2) (3, 4, 6, 9)			(evens=2) (4, 5, 6, 7)
    (evens=2) (1, 6, 7, 8)			(evens=2) (2, 5, 6, 9)			(evens=2) (3, 4, 7, 8)

23: (evens=1) (1, 5, 8, 9)			(evens=1) (2, 5, 7, 9)			(evens=1) (3, 5, 6, 9)			(evens=3) (2, 4, 8, 9)		(evens=3) (4, 5, 6, 8)
    (evens=1) (1, 6, 7, 9)			(evens=1) (3, 4, 7, 9)			(evens=1) (3, 5, 7, 8)			(evens=3) (2, 6, 7, 8)

24: (evens=0) (3, 5, 7, 9)			(evens=2) (2, 5, 8, 9)			(evens=2) (3, 4, 8, 9)			(evens=2) (4, 5, 6, 9)
    (evens=2) (1, 6, 8, 9)			(evens=2) (2, 6, 7, 9)			(evens=2) (3, 6, 7, 8)			(evens=2) (4, 5, 7, 8)

25: (evens=1) (1, 7, 8, 9)			(evens=1) (3, 6, 7, 9)			(evens=3) (2, 6, 8, 9)
    (evens=1) (3, 5, 8, 9)			(evens=1) (4, 5, 7, 9)			(evens=3) (4, 6, 7, 8)

26: (evens=2) (2, 7, 8, 9)			(evens=2) (4, 5, 8, 9)			(evens=2) (5, 6, 7, 8)
    (evens=2) (3, 6, 8, 9)			(evens=2) (4, 6, 7, 9)

27: (evens=1) (3, 7, 8, 9)			(evens=3) (4, 6, 8, 9)
    (evens=1) (5, 6, 7, 9)

28: (evens=2) (4, 7, 8, 9)
    (evens=2) (5, 6, 8, 9)

29: (evens=1) (5, 7, 8, 9)

30: (evens=2) (6, 7, 8, 9)
