2023-01-24 13:50:37.256899
------------------------
Remaining ROWS solutions
------------------------
ROWS #0:  [2, 7, 8, 9]
          [3, 6, 8, 9]
          [4, 5, 8, 9]
          [4, 6, 7, 9]
          [5, 6, 7, 8]
ROWS #1:  [2, 4, 5, 6]
ROWS #2:  [1, 6, 8, 9]
          [2, 5, 8, 9]
          [3, 4, 8, 9]
          [3, 6, 7, 8]
          [4, 5, 7, 8]
ROWS #3:  [3, 5, 7, 9]

------------------------
Remaining COLS solutions
------------------------
COLS #0:  [1, 2, 3, 6]
          [1, 2, 4, 5]
COLS #1:  [5, 7, 8, 9]
COLS #2:  [2, 4, 8, 9]
          [2, 6, 7, 8]
          [4, 5, 6, 8]
COLS #3:  [3, 7, 8, 9]
          [5, 6, 7, 9]


----------------------
Remaining cell options
----------------------
ROW: 0:  [2, 4, 6]  [7, 9]  [2, 4, 6, 8]  [3, 5, 7, 9]  
ROW: 1:  [2, 4, 6]  [    ]  [2, 4, 6, 8]  [6, 8      ]  
ROW: 2:  [1, 3, 5]  [    ]  [2, 4, 6   ]  [3, 5, 7, 9]  
ROW: 3:  [3, 5   ]  [7, 9]  [5, 7, 9   ]  [3, 5, 7, 9]  


The solution so far:
	 0 1 2 3
    ---------
 0  [- - - -]    missing: 26    (ways: [(2, 7, 8, 9), (2, 9, 8, 7), (4, 7, 6, 9), (4, 9, 6, 7), (4, 9, 8, 5), (6, 7, 4, 9), (6, 7, 8, 5), (6, 9, 4, 7), (6, 9, 8, 3)])
 1  [- 5 - -]    missing: 12    (ways: [(2, 4, 6), (4, 2, 6)])
 2  [- 8 - -]    missing: 16    (ways: [(1, 6, 9), (3, 4, 9), (3, 6, 7), (5, 2, 9), (5, 4, 7)])
 3  [- - - -]    missing: 24    (ways: [(3, 7, 5, 9), (3, 7, 9, 5), (3, 9, 5, 7), (3, 9, 7, 5), (5, 7, 9, 3), (5, 9, 7, 3)])

Column missing:
col 0  missing: 12    (ways: [(2, 4, 1, 5), (2, 6, 1, 3), (4, 2, 1, 5), (6, 2, 1, 3)])
col 1  missing: 16    (ways: [(7, 9), (9, 7)])
col 2  missing: 23    (ways: [(2, 8, 4, 9), (2, 8, 6, 7), (4, 8, 2, 9), (4, 8, 6, 5), (6, 8, 2, 7), (6, 8, 4, 5), (8, 2, 4, 9), (8, 2, 6, 7), (8, 4, 2, 9), (8, 4, 6, 5), (8, 6, 2, 7), (8, 6, 4, 5)])
col 3  missing: 27    (ways: [(3, 8, 7, 9), (3, 8, 9, 7), (5, 6, 7, 9), (5, 6, 9, 7), (7, 6, 5, 9), (7, 6, 9, 5), (7, 8, 3, 9), (7, 8, 9, 3), (9, 6, 5, 7), (9, 6, 7, 5), (9, 8, 3, 7), (9, 8, 7, 3)])
